9 0.4078125 0.75390625 0.14609375 0.17578125
9 0.4015625 0.24140625 0.146875 0.16875
9 0.54140625 0.22890625 0.14765625 0.1546875
9 0.61953125 0.3359375 0.13984375 0.16875
9 0.3328125 0.35546875 0.15 0.13671875
9 0.4765625 0.35703125 0.1515625 0.17265625
9 0.29609375 0.50078125 0.12734375 0.17109375
9 0.6640625 0.5203125 0.134375 0.209375
9 0.5515625 0.49765625 0.13984375 0.11484375
9 0.4171875 0.4875 0.13984375 0.128125
9 0.48828125 0.62734375 0.14140625 0.134375
9 0.62265625 0.63828125 0.13359375 0.19296875
9 0.54921875 0.76171875 0.153125 0.1578125
9 0.34765625 0.6328125 0.1390625 0.2046875